Создано программой GetData Graph Digitizer 2.26.0.20, дата создания February 26 2021, 23:02,
на основе файла 'C:\Users\User\Desktop\пгу\Рисунок6.jpg'

Линия #1
 0.00000000000000e+000   -5.50458715596324e+000
 1.95918367346939e+001    3.07178431005429e+002
 3.94897959183673e+001    6.36358359857705e+002
 5.96938775510204e+001    9.98548960868751e+002
 7.95918367346939e+001    1.34424265118892e+003
 9.97959183673469e+001    1.64037820632840e+003
 1.19693877551020e+002    1.92001685077701e+003
 1.29795918367347e+002    2.06808462834675e+003
 1.39591836734694e+002    2.16662797228983e+003
 1.49693877551020e+002    2.23212694252013e+003
 1.59795918367347e+002    2.28111215128253e+003
 1.69897959183673e+002    2.31358359857705e+003
 1.74795918367347e+002    2.31331398614492e+003
 1.79693877551020e+002    2.29653061224490e+003
 1.84897959183673e+002    2.26321662609998e+003
 1.89795918367347e+002    2.22991949073207e+003
 1.94693877551020e+002    2.18010859389627e+003
 1.99897959183673e+002    2.11376708481558e+003
 2.04795918367347e+002    2.06395618797978e+003
 2.10000000000000e+002    1.99761467889908e+003
 2.14897959183673e+002    1.91477625912750e+003
 2.19795918367347e+002    1.84845160082382e+003
 2.24693877551020e+002    1.74909941958435e+003
 2.29897959183673e+002    1.63321662609998e+003
 2.34795918367347e+002    1.51735068339262e+003
 2.40000000000000e+002    1.38495412844037e+003
 2.59897959183673e+002    8.22390938026587e+002
