Создано программой GetData Graph Digitizer 2.26.0.20, дата создания February 26 2021, 23:14,
на основе файла 'C:\Users\User\Desktop\пгу\Рисунок6.jpg'

Линия #1
 0.00000000000000e+000   -5.50458715596324e+000
 1.95918367346939e+001   -7.66216064407414e+002
 3.94897959183673e+001   -1.52694439243587e+003
 5.96938775510204e+001   -2.28768957124134e+003
 7.98979591836735e+001   -3.06494851151470e+003
 9.97959183673469e+001   -3.80916307807527e+003
 1.19693877551020e+002   -4.48732259876428e+003
 1.39591836734694e+002   -5.04988578917806e+003
 1.49693877551020e+002   -5.28163452536978e+003
 1.59795918367347e+002   -5.46384197715784e+003
 1.64693877551020e+002   -5.49713911252574e+003
 1.69897959183673e+002   -5.53045309867066e+003
 1.74795918367347e+002   -5.54723647257068e+003
 1.79693877551020e+002   -5.56401984647070e+003
 1.99897959183673e+002   -5.56513199775323e+003
 2.19795918367347e+002   -5.56622729825875e+003
 2.40000000000000e+002   -5.56733944954128e+003
 2.59897959183673e+002   -5.56843475004681e+003
 2.79795918367347e+002   -5.56953005055233e+003
